10
903 22
0 28 82 10 5
1 23 80 6 7
2 46 66 6 5
3 48 57 9 7
4 27 61 9 5
5 38 50 7 7
6 37 79 7 10
7 35 93 9 5
8 16 82 10 10
9 40 87 9 5
10 29 99 9 7
11 29 81 5 6
12 25 96 8 10
13 29 90 8 5
14 33 52 9 8
15 49 96 7 5
16 46 99 5 6
17 38 65 6 9
18 22 72 10 7
19 20 71 7 10
20 22 91 10 10
21 39 95 6 8
516 42
0 46 61 6 9
1 30 53 9 9
2 35 78 8 6
3 11 54 7 8
4 46 85 9 5
5 44 60 10 9
6 10 67 8 9
7 15 53 8 5
8 15 83 9 7
9 15 99 5 5
10 23 61 7 8
11 40 76 10 6
12 13 86 5 5
13 50 64 7 8
14 47 60 8 7
15 40 70 9 9
16 28 70 10 8
17 38 100 5 6
18 13 81 9 7
19 14 94 10 8
20 40 96 10 6
21 23 81 5 10
22 27 53 6 7
23 31 71 7 5
24 46 84 5 5
25 25 50 10 5
26 34 63 6 6
27 11 51 8 6
28 46 95 5 10
29 27 50 5 7
30 28 91 5 6
31 26 62 10 9
32 27 86 5 7
33 37 77 10 6
34 29 69 9 5
35 44 91 9 7
36 15 70 6 5
37 50 53 9 5
38 40 81 8 5
39 12 79 5 10
40 24 90 5 10
41 22 88 6 9
522 39
0 23 70 8 10
1 43 53 10 6
2 40 59 9 7
3 19 57 5 9
4 45 99 9 9
5 24 61 6 9
6 38 76 5 7
7 13 98 9 10
8 11 72 9 9
9 50 55 5 6
10 21 70 5 5
11 26 51 6 5
12 13 96 9 10
13 10 59 5 8
14 26 79 6 8
15 31 85 9 7
16 40 55 8 8
17 33 89 10 7
18 40 77 10 8
19 45 66 7 9
20 24 81 5 7
21 41 78 9 5
22 33 92 6 5
23 33 80 9 7
24 28 87 6 9
25 30 60 6 6
26 16 96 9 6
27 11 95 6 5
28 33 65 6 10
29 21 69 9 6
30 10 79 5 6
31 35 86 7 10
32 12 54 9 10
33 13 76 9 8
34 20 52 6 6
35 15 54 6 8
36 27 66 10 6
37 20 87 5 8
38 31 83 6 7
885 48
0 18 68 5 9
1 10 59 7 7
2 31 66 9 6
3 46 91 7 5
4 12 87 6 8
5 39 51 5 9
6 48 53 10 10
7 26 72 5 5
8 14 92 6 6
9 41 66 7 7
10 43 56 5 7
11 16 80 6 7
12 32 51 7 5
13 24 74 7 8
14 21 67 6 7
15 43 79 5 5
16 48 59 6 5
17 41 76 10 6
18 11 61 6 5
19 19 95 6 6
20 19 73 7 7
21 13 80 9 8
22 39 95 6 10
23 49 55 8 6
24 50 89 7 5
25 17 61 5 6
26 44 64 9 10
27 10 54 9 7
28 10 86 5 6
29 48 75 7 10
30 29 57 10 7
31 29 55 6 6
32 13 74 9 8
33 44 57 5 9
34 39 75 7 7
35 27 76 9 8
36 15 85 5 6
37 35 68 8 8
38 35 91 6 8
39 25 71 8 7
40 42 67 5 10
41 25 85 8 9
42 10 60 6 7
43 30 58 8 5
44 30 86 6 9
45 37 54 5 5
46 30 89 5 6
47 43 96 7 9
533 18
0 19 66 9 8
1 45 99 7 10
2 26 51 6 6
3 32 80 8 5
4 45 96 5 6
5 15 59 10 9
6 32 99 7 6
7 44 76 10 9
8 44 89 10 6
9 10 59 8 8
10 36 97 5 8
11 26 58 7 5
12 48 77 5 5
13 40 98 5 5
14 12 95 6 6
15 11 81 6 9
16 11 72 8 10
17 38 67 5 6
994 49
0 37 94 7 7
1 13 99 7 5
2 46 95 6 10
3 49 59 9 10
4 50 62 6 9
5 40 61 7 8
6 40 71 10 9
7 50 89 7 7
8 37 93 8 10
9 34 55 5 9
10 10 82 7 8
11 36 92 8 5
12 16 84 9 8
13 16 98 9 10
14 33 95 7 6
15 21 63 10 8
16 11 67 8 7
17 23 68 6 5
18 43 71 8 8
19 47 94 10 7
20 17 71 8 8
21 20 85 5 10
22 37 85 8 6
23 26 89 8 7
24 48 61 5 6
25 16 97 6 5
26 33 95 7 10
27 28 56 6 10
28 32 87 8 8
29 21 82 10 6
30 38 94 9 10
31 42 51 9 5
32 42 60 10 6
33 20 88 7 7
34 14 78 7 7
35 16 65 9 8
36 45 69 8 7
37 33 52 9 5
38 14 83 7 10
39 28 67 10 10
40 50 60 8 9
41 50 61 9 9
42 34 95 10 9
43 49 98 10 6
44 24 83 9 8
45 45 95 8 5
46 18 61 6 6
47 37 77 9 7
48 36 53 7 8
562 20
0 42 52 6 5
1 14 96 6 8
2 38 78 8 6
3 12 50 8 8
4 39 69 6 7
5 46 67 6 6
6 41 77 6 6
7 41 83 5 8
8 35 72 5 6
9 14 59 10 9
10 11 94 5 10
11 35 96 10 6
12 11 99 6 7
13 11 79 7 6
14 10 64 8 10
15 49 77 5 10
16 45 72 8 6
17 45 63 8 8
18 42 88 6 6
19 18 54 9 9
988 37
0 18 91 5 10
1 50 72 8 9
2 29 82 10 5
3 43 77 9 9
4 40 92 7 8
5 41 89 7 6
6 18 79 5 7
7 18 57 5 10
8 40 58 9 6
9 23 79 10 5
10 33 57 9 9
11 12 67 7 5
12 15 62 5 6
13 17 55 7 9
14 31 71 5 6
15 42 65 6 6
16 34 69 10 5
17 11 54 8 6
18 11 50 7 7
19 19 84 6 6
20 21 83 7 5
21 26 64 7 9
22 20 76 6 10
23 43 64 8 8
24 16 72 5 7
25 28 100 9 6
26 29 63 7 9
27 39 98 5 8
28 13 56 8 7
29 37 76 9 8
30 31 96 5 10
31 14 95 6 10
32 16 84 8 8
33 47 70 5 7
34 27 86 9 5
35 27 69 7 6
36 21 96 10 9
781 39
0 31 80 9 10
1 43 90 8 7
2 37 79 7 9
3 35 85 10 5
4 37 100 9 5
5 27 83 9 5
6 32 74 7 5
7 10 71 9 5
8 22 83 7 10
9 36 55 10 9
10 28 97 10 9
11 17 91 9 8
12 17 53 5 6
13 44 75 10 7
14 34 73 10 7
15 41 91 6 9
16 39 67 5 6
17 37 77 7 7
18 37 67 8 9
19 44 63 7 5
20 37 52 10 9
21 32 68 5 9
22 32 69 5 9
23 49 51 6 5
24 20 56 8 8
25 45 81 6 7
26 15 69 5 5
27 12 73 9 5
28 41 78 9 6
29 41 78 5 10
30 38 83 6 7
31 41 53 5 8
32 13 97 6 10
33 42 96 10 10
34 29 94 9 5
35 34 66 10 10
36 23 99 8 6
37 31 52 10 10
38 15 96 10 8
615 40
0 16 56 8 6
1 49 98 8 10
2 45 93 5 7
3 41 58 6 10
4 49 64 9 7
5 15 64 8 8
6 45 84 8 9
7 36 73 9 9
8 10 98 8 6
9 34 81 10 7
10 25 82 6 8
11 28 53 10 6
12 13 51 7 7
13 47 87 5 8
14 13 95 8 6
15 24 85 9 5
16 16 56 5 7
17 18 95 6 7
18 39 93 7 5
19 17 58 5 7
20 14 64 7 9
21 47 77 5 6
22 29 91 7 8
23 37 76 7 6
24 14 79 10 10
25 47 68 5 6
26 27 84 5 8
27 50 71 8 5
28 46 89 7 10
29 20 94 7 6
30 35 68 8 7
31 47 57 5 6
32 46 71 6 9
33 45 79 9 10
34 49 75 6 6
35 31 89 9 7
36 30 68 6 9
37 33 84 8 5
38 44 81 9 8
39 36 57 5 7
