20
124 105 4 43
109 67
23 7
17 4
39 70
58 71
80 17
39 78
32 32
8 66
85 31
36 91
11 15
18 65
56 88
108 71
24 36
38 53
43 6
114 58
88 90
65 74
12 40
9 21
16 32
10 1
112 82
52 65
83 43
110 4
39 40
104 64
66 9
37 103
88 65
68 61
13 56
59 36
77 39
1 43
61 100
38 95
0 66
113 70
120 143 5 45
44 66
28 15
1 46
63 40
72 21
109 137
32 11
119 78
88 42
85 55
106 87
22 35
79 138
110 58
34 71
85 124
40 12
14 92
3 130
26 38
95 132
57 133
44 35
40 49
77 87
74 88
40 32
79 22
77 110
44 86
52 60
106 9
27 133
30 94
105 89
43 86
96 53
61 137
28 13
31 8
108 111
16 61
14 99
14 114
52 124
121 140 4 40
44 57
63 59
103 28
96 19
118 13
27 113
42 10
62 99
37 120
5 122
79 42
41 28
117 139
74 74
19 48
89 25
31 120
11 24
65 137
79 53
69 110
50 128
93 46
91 109
5 20
36 139
64 36
112 95
113 102
66 93
105 23
112 87
4 80
57 41
12 81
79 64
120 127
110 30
67 113
61 130
150 133 7 42
88 92
46 96
86 29
141 53
78 47
3 89
1 97
76 124
108 87
115 113
53 69
126 113
120 61
76 89
55 24
21 37
2 86
39 69
131 118
42 131
80 113
89 81
132 112
146 125
69 8
112 0
92 132
19 123
19 84
8 52
37 56
132 84
129 76
146 9
74 7
32 64
64 62
37 55
90 78
97 102
1 36
134 122
101 116 7 47
95 109
31 3
20 7
51 19
37 35
32 65
32 79
41 75
5 37
23 102
53 5
77 113
73 45
5 86
67 36
59 51
38 6
25 112
33 93
100 97
38 57
65 73
47 90
75 76
78 48
77 7
59 49
63 23
47 44
79 98
48 70
64 74
3 9
53 92
83 85
36 96
52 41
35 106
89 29
41 11
61 92
97 37
24 83
55 13
46 92
35 57
91 0
119 139 7 50
57 93
44 67
71 136
14 30
65 14
116 107
85 39
45 100
20 107
96 114
79 36
31 104
85 74
62 54
50 113
82 97
7 8
33 54
76 114
44 125
41 64
88 91
36 89
22 34
83 47
85 4
117 41
69 23
23 55
112 68
3 134
108 78
37 79
27 0
85 56
4 51
22 21
82 24
67 88
60 122
107 129
18 137
40 103
112 13
117 107
50 82
5 27
69 1
46 43
92 123
132 102 5 44
114 71
92 6
96 35
2 41
42 60
44 52
81 37
71 23
57 4
23 64
51 50
126 28
82 91
105 29
41 49
52 55
94 75
72 56
3 25
13 72
83 67
10 79
15 59
98 59
128 30
106 62
119 80
13 58
79 84
8 31
87 49
58 74
113 98
124 6
104 52
7 28
54 1
10 27
76 97
28 38
0 57
45 27
32 99
43 54
103 143 7 43
14 22
59 112
46 113
2 119
6 26
48 99
47 108
60 136
87 56
59 83
70 142
63 30
13 23
17 71
35 96
33 39
40 141
81 14
56 107
35 15
99 30
15 33
34 15
8 73
30 83
8 15
16 95
51 103
20 113
17 69
41 40
82 25
35 112
22 1
58 27
63 125
91 59
22 16
50 65
89 87
80 19
22 69
40 66
140 120 8 50
121 64
40 5
69 79
5 107
125 80
98 91
23 59
134 44
47 40
133 81
32 49
65 9
6 28
133 6
111 58
54 78
16 71
56 97
137 49
75 47
15 17
73 113
54 39
20 2
101 76
79 51
31 108
66 8
34 73
48 55
32 76
63 15
28 48
6 22
95 26
123 27
130 3
84 33
118 17
97 98
61 96
133 21
38 105
15 88
14 36
19 91
135 3
136 22
66 119
86 23
134 120 8 42
22 27
54 23
111 60
124 72
17 37
75 35
105 100
133 54
63 102
100 118
96 3
17 40
57 64
69 13
69 89
79 59
77 53
125 80
20 109
117 49
25 51
16 67
67 0
125 82
111 102
118 67
126 51
97 28
48 96
69 11
105 83
38 22
19 57
66 33
19 95
121 46
44 96
10 82
23 113
73 7
58 118
73 90
139 126 7 49
50 86
60 115
114 56
19 50
24 60
98 7
16 24
15 8
32 78
88 120
40 47
128 33
25 9
66 63
87 37
81 39
119 4
106 52
129 50
52 86
42 94
24 40
50 44
135 124
46 122
90 107
120 3
13 5
33 101
25 57
57 29
6 61
62 9
107 35
121 106
61 40
3 5
110 13
115 24
22 83
107 89
99 52
119 66
120 74
108 38
111 48
11 107
105 123
51 29
145 108 7 43
117 41
35 41
58 107
39 60
87 74
23 46
31 98
100 16
49 82
71 80
128 15
144 105
93 70
131 40
11 20
104 98
37 84
18 50
105 107
100 31
23 60
21 4
2 2
40 96
55 15
93 4
59 58
9 0
77 55
121 73
122 10
51 11
0 59
91 102
91 17
132 36
116 79
49 3
53 4
88 15
64 59
141 19
9 20
126 150 6 48
113 108
58 14
66 101
70 36
59 94
24 2
30 65
115 148
60 84
24 115
88 6
125 17
28 143
55 133
107 37
23 120
16 142
115 65
31 94
79 122
121 6
96 105
100 47
13 16
98 34
2 105
12 115
8 72
30 4
50 36
28 53
64 45
112 61
88 50
17 50
17 139
46 67
92 40
72 44
11 50
102 97
122 65
52 74
90 97
116 105
76 138
26 0
71 91
104 143 5 40
17 65
13 91
102 81
92 2
36 110
77 61
62 113
88 33
103 59
17 13
39 52
79 31
11 55
86 34
57 0
3 102
40 2
4 132
53 58
45 16
98 70
50 74
6 88
59 96
85 77
41 38
39 130
85 25
93 0
46 93
19 71
30 63
79 26
33 56
80 131
10 138
21 76
33 16
28 127
17 113
124 120 8 50
82 45
14 40
68 40
12 77
66 18
61 58
101 55
80 77
13 0
5 87
77 30
60 70
7 119
85 66
36 58
76 80
34 44
64 45
85 91
57 33
18 70
16 96
94 38
56 89
118 37
103 28
81 74
42 92
56 85
122 88
18 30
18 68
96 54
50 80
23 53
59 110
12 55
102 104
1 66
4 39
114 31
20 14
36 6
69 72
31 20
68 97
76 87
52 101
69 107
114 51
106 140 4 49
15 37
53 64
24 130
26 84
4 74
82 103
18 78
10 82
3 22
104 56
99 49
74 73
71 135
20 120
81 55
97 51
52 28
71 49
14 88
70 0
27 99
72 32
82 52
75 16
89 113
89 22
41 125
5 85
66 45
45 110
67 75
91 14
33 121
62 26
52 125
27 43
37 91
20 19
94 114
73 102
101 132
53 70
0 116
66 6
14 19
105 63
68 32
89 53
23 76
111 105 8 47
49 49
55 76
99 1
80 86
41 9
63 51
104 102
105 28
53 53
52 100
4 87
103 54
62 13
41 3
55 43
32 84
28 3
24 82
9 44
81 20
94 88
19 95
91 9
35 66
63 79
61 6
29 51
19 70
101 104
79 91
56 3
2 93
35 76
68 99
7 7
92 8
23 104
15 82
91 26
7 73
5 60
17 9
20 60
42 45
14 101
85 11
19 61
107 136 8 41
61 109
5 67
103 14
18 40
58 134
75 90
81 70
16 91
65 55
29 3
54 27
81 81
95 113
86 8
86 26
103 124
98 62
106 89
83 117
18 106
45 7
60 100
34 54
49 74
72 68
75 94
72 87
36 64
40 30
27 24
33 131
4 122
66 25
63 30
62 63
13 103
17 22
26 42
19 65
64 123
91 86
112 145 7 47
67 69
3 23
62 59
4 93
5 24
110 100
45 114
45 143
20 71
10 1
76 66
103 106
42 0
71 64
41 134
37 42
68 26
54 0
10 137
33 16
96 81
53 68
47 122
32 63
54 124
49 32
87 54
75 141
28 94
95 97
101 104
85 51
65 138
85 40
34 61
10 123
73 60
61 8
39 27
14 132
105 29
47 135
30 43
54 86
44 33
4 43
87 39
145 111 5 42
102 87
80 94
110 46
124 47
21 55
98 74
13 72
93 89
60 73
30 86
16 23
124 75
58 101
82 41
97 10
102 20
91 20
45 11
124 55
112 6
103 18
42 88
79 32
53 84
49 102
67 11
15 11
58 74
113 35
122 27
36 46
66 52
43 80
55 107
135 102
94 96
129 104
8 46
114 52
79 89
18 53
103 24