20
3 851914
17390 2444 20962
3 930320
197 100 261
2 835142
13110 7220
6 974670
139577 139158 128764 83596 15799 70871
3 949995
62919 57125 43634
6 910193
17842 135519 87033 65250 135452 87945
3 811619
7150 20625 3300
2 941185
13 156
5 878134
40186 145424 72103 148721 146768
4 853790
60 165 45 255
6 966061
4 4 3 3 2 2
5 820070
9 10 16 12 14
2 904877
40 273
5 811959
16 17 4 13 9
2 935416
204 59
5 962988
104395 130693 52745 37021 55141
5 861084
12 12 9 1 4
6 893195
6 12 3 12 12 6
2 994802
359269 195019
2 936478
21682 12506