5
67 79
30 4 0 31 24 22 58 34 2 53 6 28 49 7 41 9 51 3 54 29 39 60 64 36 23 8 61 10 43 37 65 27 47 16 62 33 52 63 40 1 26 66 17 35 55 15 21 42 38 20 14 50 44 48 45 11 5 59 32 57 13 25 18 19 12 46 56
55 62
40 30 38 6 39 43 15 45 8 4 44 51 33 41 0 37 28 11 50 1 52 27 34 26 18 46 47 21 2 32 16 22 54 53 14 49 20 13 29 31 3 48 17 42 5 25 9 24 7 35 12 36 10 23 19
89 66
6 36 61 66 46 11 85 5 15 25 39 80 33 63 77 45 22 83 51 64 58 53 37 47 32 3 44 87 57 76 0 12 29 73 52 65 31 16 7 27 74 21 19 86 20 9 18 4 43 28 82 10 34 50 23 62 2 59 68 48 88 60 35 24 1 49 30 81 56 71 38 69 41 42 70 72 67 17 78 55 79 14 75 54 8 84 26 13 40
82 85
75 72 40 15 4 64 71 63 45 41 62 43 22 65 33 32 77 28 76 16 68 29 48 35 37 5 27 42 2 69 3 74 80 44 12 24 54 11 70 9 30 60 53 78 26 57 66 0 55 18 17 46 81 58 50 47 39 20 13 25 8 10 38 67 52 31 79 21 19 59 23 14 56 61 73 34 6 1 49 36 7 51
82 52
75 25 16 77 23 19 24 17 72 53 34 52 8 55 22 65 69 68 0 13 36 30 70 7 66 35 60 15 48 43 56 39 57 3 29 64 21 78 51 1 41 26 32 6 73 31 44 62 67 38 50 2 63 71 47 28 27 11 49 80 61 76 79 81 5 10 58 4 37 20 9 40 33 14 46 74 18 45 12 59 54 42
