5
35 2
73 31 3 31 85 81 22 42 21 49 24 72 83 68 89 40 57 45 53 45 2 61 11 84 18 92 3 51 95 30 49 35 57 13 12
59 96 45 34 76 44 79 25 15 41 58 6 15 7 78 43 12 42 24 54 18 63 10 3 44 51 47 94 17 80 53 96 55 29 67
36 2
39 47 32 63 52 34 48 80 18 62 23 11 71 17 9 24 97 8 50 82 82 35 35 75 47 31 43 46 12 68 57 11 58 82 46 17
83 63 14 76 61 71 69 21 30 74 81 38 60 77 31 65 67 69 6 85 3 62 99 82 1 63 34 7 82 43 56 1 58 35 3 87
38 2
32 73 17 86 59 78 75 76 90 71 75 97 38 38 19 87 78 60 51 8 38 18 83 75 5 90 11 76 98 54 25 42 57 34 73 25 19 96
57 75 99 34 92 54 23 47 33 1 8 24 73 58 11 99 79 76 10 49 50 15 94 91 68 47 79 91 89 25 53 37 54 69 4 58 83 100
39 2
91 28 53 80 25 79 85 78 35 37 51 66 7 11 95 53 93 9 14 59 56 82 95 53 89 40 98 40 72 94 14 30 30 63 24 11 83 76 96
13 99 9 20 94 16 40 38 58 77 58 43 40 13 82 92 47 70 88 66 83 14 42 23 80 96 42 79 96 45 23 20 72 50 28 66 6 100 6
45 2
63 80 43 18 14 13 97 94 93 45 51 39 67 33 33 28 80 95 99 37 43 37 67 56 83 73 51 71 68 20 77 84 52 79 53 51 49 56 83 92 86 75 74 21 23
54 66 70 1 7 100 28 76 18 68 68 17 59 23 87 65 8 68 62 46 54 17 38 7 21 17 19 39 77 26 18 89 36 28 88 2 64 37 79 98 43 70 13 63 27